/*--------------------------------*- C++ -*----------------------------------*\
| =========                 |                                                 |
| \\      /  F ield         | OpenFOAM: The Open Source CFD Toolbox           |
|  \\    /   O peration     | Version:  4.1                                   |
|   \\  /    A nd           | Web:      www.OpenFOAM.org                      |
|    \\/     M anipulation  |                                                 |
\*---------------------------------------------------------------------------*/
FoamFile
{
    version     2.0;
    format      ascii;
    class       vectorField;
    location    "constant/polyMesh";
    object      points;
}
// * * * * * * * * * * * * * * * * * * * * * * * * * * * * * * * * * * * * * //


164
(
(4 0 0)
(4.1 0 0)
(4.2 0 0)
(4.3 0 0)
(4.4 0 0)
(4.5 0 0)
(4.6 0 0)
(4.7 0 0)
(4.8 0 0)
(4.9 0 0)
(5 0 0)
(5.1 0 0)
(5.2 0 0)
(5.3 0 0)
(5.4 0 0)
(5.5 0 0)
(5.6 0 0)
(5.7 0 0)
(5.8 0 0)
(5.9 0 0)
(6 0 0)
(6.1 0 0)
(6.2 0 0)
(6.3 0 0)
(6.4 0 0)
(6.5 0 0)
(6.6 0 0)
(6.7 0 0)
(6.8 0 0)
(6.9 0 0)
(7 0 0)
(7.1 0 0)
(7.2 0 0)
(7.3 0 0)
(7.4 0 0)
(7.5 0 0)
(7.6 0 0)
(7.7 0 0)
(7.8 0 0)
(7.9 0 0)
(8 0 0)
(4 4 0)
(4.1 4 0)
(4.2 4 0)
(4.3 4 0)
(4.4 4 0)
(4.5 4 0)
(4.6 4 0)
(4.7 4 0)
(4.8 4 0)
(4.9 4 0)
(5 4 0)
(5.1 4 0)
(5.2 4 0)
(5.3 4 0)
(5.4 4 0)
(5.5 4 0)
(5.6 4 0)
(5.7 4 0)
(5.8 4 0)
(5.9 4 0)
(6 4 0)
(6.1 4 0)
(6.2 4 0)
(6.3 4 0)
(6.4 4 0)
(6.5 4 0)
(6.6 4 0)
(6.7 4 0)
(6.8 4 0)
(6.9 4 0)
(7 4 0)
(7.1 4 0)
(7.2 4 0)
(7.3 4 0)
(7.4 4 0)
(7.5 4 0)
(7.6 4 0)
(7.7 4 0)
(7.8 4 0)
(7.9 4 0)
(8 4 0)
(4 0 1)
(4.1 0 1)
(4.2 0 1)
(4.3 0 1)
(4.4 0 1)
(4.5 0 1)
(4.6 0 1)
(4.7 0 1)
(4.8 0 1)
(4.9 0 1)
(5 0 1)
(5.1 0 1)
(5.2 0 1)
(5.3 0 1)
(5.4 0 1)
(5.5 0 1)
(5.6 0 1)
(5.7 0 1)
(5.8 0 1)
(5.9 0 1)
(6 0 1)
(6.1 0 1)
(6.2 0 1)
(6.3 0 1)
(6.4 0 1)
(6.5 0 1)
(6.6 0 1)
(6.7 0 1)
(6.8 0 1)
(6.9 0 1)
(7 0 1)
(7.1 0 1)
(7.2 0 1)
(7.3 0 1)
(7.4 0 1)
(7.5 0 1)
(7.6 0 1)
(7.7 0 1)
(7.8 0 1)
(7.9 0 1)
(8 0 1)
(4 4 1)
(4.1 4 1)
(4.2 4 1)
(4.3 4 1)
(4.4 4 1)
(4.5 4 1)
(4.6 4 1)
(4.7 4 1)
(4.8 4 1)
(4.9 4 1)
(5 4 1)
(5.1 4 1)
(5.2 4 1)
(5.3 4 1)
(5.4 4 1)
(5.5 4 1)
(5.6 4 1)
(5.7 4 1)
(5.8 4 1)
(5.9 4 1)
(6 4 1)
(6.1 4 1)
(6.2 4 1)
(6.3 4 1)
(6.4 4 1)
(6.5 4 1)
(6.6 4 1)
(6.7 4 1)
(6.8 4 1)
(6.9 4 1)
(7 4 1)
(7.1 4 1)
(7.2 4 1)
(7.3 4 1)
(7.4 4 1)
(7.5 4 1)
(7.6 4 1)
(7.7 4 1)
(7.8 4 1)
(7.9 4 1)
(8 4 1)
)


// ************************************************************************* //
